Run semi-empirical minimization
 &qmmm
    qm_theory='AM1', grms_tol=0.0005,
 scfconv=1.d-10, ndiis_attempts=700,   qmcharge=0,
 /
   8    O1        2.6490        0.9640        0.0000 
   6    C1        1.5000        0.0000        0.0000 
   8    O2        0.7500       -1.2990        0.0000 
   6    C2       -0.7500       -1.2990        0.0000 
   6    C3       -0.4890       -2.7760        0.0000 
   6    C4       -0.2290       -4.2530        0.0000 
   8    O3        0.0310       -5.7310        0.0000 
   6    C5       -1.1180       -6.6950        0.0000 
   6    C6       -2.2670       -7.6590        0.0000 
   8    O4       -3.4160       -8.6230        0.0000 
   6    C7       -3.1550      -10.1000        0.0000 
   8    O5       -2.8950      -11.5780        0.0000 
   6    C8       -1.4850      -12.0910        0.0000 
   6    C9       -0.0760      -12.6040        0.0000 
   8    O6        1.3340      -13.1170        0.0000 
   6   C10        1.5940      -14.5940        0.0000 
   8    O7        1.8550      -16.0710        0.0000 
   6   C11        0.7060      -17.0350        0.0000 
   6   C12       -0.4430      -18.0000        0.0000 
   8    O8       -1.5930      -18.9640        0.0000 
   6   C13       -1.3320      -20.4410        0.0000 
   8    O9       -1.0710      -21.9180        0.0000 
   6   C14        0.3380      -22.4310        0.0000 
   6   C15        1.7480      -22.9440        0.0000 
   8   O10        3.1570      -23.4570        0.0000 
   6   C16        3.4180      -24.9340        0.0000 
   8   O11        3.6780      -26.4120        0.0000 
   6   C17        2.5290      -27.3760        0.0000 
   6   C18        1.3800      -28.3400        0.0000 
   8   O12        0.2310      -29.3040        0.0000 
   6   C19        0.4910      -30.7810        0.0000 
   8   O13        0.7520      -32.2590        0.0000 
   6   C20        2.1610      -32.7720        0.0000 
   6   C21        3.5710      -33.2850        0.0000 
   8   O14        4.9800      -33.7980        0.0000 
   6   C22        5.2410      -35.2750        0.0000 
   6   C23        5.5010      -36.7520        0.0000 
   6   C24        6.8490      -37.4100        0.0000 
   7    N1        6.6410      -38.8950        0.0000 
   6   C25        7.7200      -39.9370        0.0000 
   6   C26        8.7990      -40.9790        0.0000 
   6   C27        8.4360      -42.4340        0.0000 
   6   C28        9.5150      -43.4770        0.0000 
   6   C29        9.1520      -44.9320        0.0000 
   7    N2        8.7890      -46.3870        0.0000 
   6   C30        9.7530      -47.5360        0.0000 
   6   C31        8.9580      -48.8090        0.0000 
   6   C32        9.5200      -50.1990        0.0000 
   8   O15       10.0820      -51.5900        0.0000 
   6   C33       11.5680      -51.7990        0.0000 
   6   C34       13.0530      -52.0080        0.0000 
   8   O16       14.5390      -52.2160        0.0000 
   6   C35       15.1000      -53.6070        0.0000 
   8   O17       15.6620      -54.9980        0.0000 
   6   C36       14.7390      -56.1800        0.0000 
   6   C37       13.8150      -57.3620        0.0000 
   8   O18       12.8920      -58.5440        0.0000 
   6   C38       13.4540      -59.9350        0.0000 
   8   O19       14.0160      -61.3250        0.0000 
   6   C39       15.5010      -61.5340        0.0000 
   6   C40       16.9860      -61.7430        0.0000 
   8   O20       18.4720      -61.9520        0.0000 
   6   C41       19.0340      -63.3430        0.0000 
   8   O21       19.5960      -64.7330        0.0000 
   6   C42       18.6720      -65.9150        0.0000 
   6   C43       17.7490      -67.0970        0.0000 
   8   O22       16.8250      -68.2790        0.0000 
   6   C44       17.3870      -69.6700        0.0000 
   8   O23       17.9490      -71.0610        0.0000 
   6   C45       19.4340      -71.2700        0.0000 
   6   C46       20.9200      -71.4780        0.0000 
   8   O24       22.4050      -71.6870        0.0000 
   6   C47       22.9670      -73.0780        0.0000 
   8   O25       23.5290      -74.4690        0.0000 
   6   C48       22.6050      -75.6510        0.0000 
   6   C49       21.6820      -76.8330        0.0000 
   8   O26       20.7590      -78.0150        0.0000 
   6   C50       21.3200      -79.4060        0.0000 
   6   C51       21.8820      -80.7960        0.0000 
   6   C52       22.4440      -82.1870        0.0000 
   8   O27       20.9770      -82.4990        0.0000 
   6   C53       20.5140      -83.9260        0.0000 
   8   O28       19.5900      -85.1080        0.0000 
   6   C54       21.5170      -85.0400        0.0000 
   8   O29       22.0790      -86.4310        0.0000 
   6   C55       22.9850      -84.7280        0.0000 
   8   O30       24.4700      -84.9370        0.0000 
   6   C56       23.4480      -83.3020        0.0000 
   8   O31       24.3720      -82.1200        0.0000 
   7    N3        7.5030      -48.4460        0.0000 
   7    N4        7.3980      -46.9490        0.0000 
   6   C57       10.9570      -43.0630        0.0000 
   6   C58       11.3200      -41.6080        0.0000 
   6   C59       12.7620      -41.1940        0.0000 
   7    N5       14.2040      -40.7810        0.0000 
   6   C60       14.7160      -39.3710        0.0000 
   6   C61       16.2160      -39.4230        0.0000 
   6   C62       17.1390      -38.2420        0.0000 
   8   O32       18.0630      -37.0590        0.0000 
   6   C63       17.5010      -35.6690        0.0000 
   6   C64       16.9390      -34.2780        0.0000 
   8   O33       16.3770      -32.8870        0.0000 
   6   C65       17.3000      -31.7050        0.0000 
   8   O34       18.2240      -30.5230        0.0000 
   6   C66       19.7090      -30.7320        0.0000 
   6   C67       21.1950      -30.9410        0.0000 
   8   O35       22.6800      -31.1490        0.0000 
   6   C68       23.6040      -29.9670        0.0000 
   8   O36       24.5270      -28.7850        0.0000 
   6   C69       23.9650      -27.3950        0.0000 
   6   C70       23.4030      -26.0040        0.0000 
   8   O37       22.8410      -24.6130        0.0000 
   6   C71       23.7650      -23.4310        0.0000 
   8   O38       24.6880      -22.2490        0.0000 
   6   C72       26.1740      -22.4580        0.0000 
   6   C73       27.6590      -22.6660        0.0000 
   8   O39       29.1450      -22.8750        0.0000 
   6   C74       30.0680      -21.6930        0.0000 
   8   O40       30.9910      -20.5110        0.0000 
   6   C75       30.4300      -19.1200        0.0000 
   6   C76       29.8680      -17.7300        0.0000 
   8   O41       29.3060      -16.3390        0.0000 
   6   C77       30.2290      -15.1570        0.0000 
   8   O42       31.1530      -13.9750        0.0000 
   6   C78       32.6380      -14.1840        0.0000 
   6   C79       34.1230      -14.3920        0.0000 
   8   O43       35.6090      -14.6010        0.0000 
   6   C80       36.5320      -13.4190        0.0000 
   6   C81       37.4560      -12.2370        0.0000 
   6   C82       38.3790      -11.0550        0.0000 
   8   O44       39.3830      -12.1700        0.0000 
   6   C83       40.8500      -11.8580        0.0000 
   8   O45       42.3360      -12.0670        0.0000 
   6   C84       41.3140      -10.4310        0.0000 
   8   O46       42.2370       -9.2490        0.0000 
   6   C85       40.3100       -9.3170        0.0000 
   8   O47       39.7480       -7.9260        0.0000 
   6   C86       38.8430       -9.6290        0.0000 
   8   O48       37.3580       -9.4200        0.0000 
   7    N6       16.6290      -40.8650        0.0000 
   7    N7       15.3860      -41.7040        0.0000 
   6   C87       10.2410      -40.5660        0.0000 
   7    N8        5.1640      -39.1560        0.0000 
   7    N9        4.4590      -37.8310        0.0000 
   6   C88       -1.5000        0.0000        0.0000 
   8   O49       -2.6490       -0.9640        0.0000 
   6   C89       -0.7500        1.2990        0.0000 
   8   O50       -2.1590        1.8120        0.0000 
   6   C90        0.7500        1.2990        0.0000 
   8   O51        0.4890        2.7760        0.0000 
   1    H1        4.0590        0.4510        0.0000 
   1    H2        2.6490       -0.9640        0.0000 
   1    H3       -2.1590       -1.8120        0.0000 
   1    H4       -1.9670       -3.0370        0.0000 
   1    H5        0.9880       -2.5160        0.0000 
   1    H6        1.2480       -3.9930        0.0000 
   1    H7       -1.7060       -4.5140        0.0000 
   1    H8       -2.0820       -5.5460        0.0000 
   1    H9       -0.1530       -7.8440        0.0000 
   1   H10       -3.2310       -6.5100        0.0000 
   1   H11       -1.3020       -8.8080        0.0000 
   1   H12       -4.6330      -10.3610        0.0000 
   1   H13       -1.6780       -9.8400        0.0000 
   1   H14       -0.9720      -10.6810        0.0000 
   1   H15       -1.9980      -13.5000        0.0000 
   1   H16        0.4370      -11.1940        0.0000 
   1   H17       -0.5890      -14.0130        0.0000 
   1   H18        3.0710      -14.3340        0.0000 
   1   H19        0.1170      -14.8540        0.0000 
   1   H20       -0.2590      -15.8860        0.0000 
   1   H21        1.6700      -18.1840        0.0000 
   1   H22       -1.4080      -16.8510        0.0000 
   1   H23        0.5210      -19.1490        0.0000 
   1   H24       -2.8090      -20.7010        0.0000 
   1   H25        0.1450      -20.1800        0.0000 
   1   H26        0.8510      -21.0220        0.0000 
   1   H27       -0.1750      -23.8410        0.0000 
   1   H28        2.2610      -21.5350        0.0000 
   1   H29        1.2340      -24.3540        0.0000 
   1   H30        4.8950      -24.6740        0.0000 
   1   H31        1.9400      -25.1950        0.0000 
   1   H32        1.5650      -26.2270        0.0000 
   1   H33        3.4930      -28.5250        0.0000 
   1   H34        0.4160      -27.1910        0.0000 
   1   H35        2.3440      -29.4890        0.0000 
   1   H36       -0.9860      -31.0420        0.0000 
   1   H37        1.9680      -30.5210        0.0000 
   1   H38        2.6740      -31.3620        0.0000 
   1   H39        1.6480      -34.1810        0.0000 
   1   H40        4.0840      -31.8750        0.0000 
   1   H41        3.0580      -34.6940        0.0000 
   1   H42        3.7640      -35.5350        0.0000 
   1   H43        6.7180      -35.0140        0.0000 
   1   H44        8.1740      -36.7060        0.0000 
   1   H45        8.7620      -38.8580        0.0000 
   1   H46        6.6780      -41.0160        0.0000 
   1   H47        6.9940      -42.8480        0.0000 
   1   H48       10.6070      -45.2950        0.0000 
   1   H49        7.6970      -44.5690        0.0000 
   1   H50       11.2500      -47.4320        0.0000 
   1   H51        8.1300      -50.7610        0.0000 
   1   H52       10.9110      -49.6370        0.0000 
   1   H53       11.7760      -50.3130        0.0000 
   1   H54       11.3590      -53.2840        0.0000 
   1   H55       13.2620      -50.5220        0.0000 
   1   H56       12.8440      -53.4930        0.0000 
   1   H57       16.4910      -53.0450        0.0000 
   1   H58       13.7100      -54.1690        0.0000 
   1   H59       13.5570      -55.2560        0.0000 
   1   H60       15.9210      -57.1030        0.0000 
   1   H61       12.6330      -56.4380        0.0000 
   1   H62       14.9970      -58.2850        0.0000 
   1   H63       12.0630      -60.4970        0.0000 
   1   H64       14.8450      -59.3730        0.0000 
   1   H65       15.7100      -60.0490        0.0000 
   1   H66       15.2920      -63.0200        0.0000 
   1   H67       17.1950      -60.2580        0.0000 
   1   H68       16.7780      -63.2280        0.0000 
   1   H69       20.4240      -62.7810        0.0000 
   1   H70       17.6430      -63.9040        0.0000 
   1   H71       17.4900      -64.9920        0.0000 
   1   H72       19.8540      -66.8390        0.0000 
   1   H73       16.5670      -66.1740        0.0000 
   1   H74       18.9310      -68.0210        0.0000 
   1   H75       15.9960      -70.2320        0.0000 
   1   H76       18.7780      -69.1080        0.0000 
   1   H77       19.6430      -69.7840        0.0000 
   1   H78       19.2260      -72.7550        0.0000 
   1   H79       21.1290      -69.9930        0.0000 
   1   H80       20.7110      -72.9640        0.0000 
   1   H81       24.3580      -72.5160        0.0000 
   1   H82       21.5760      -73.6400        0.0000 
   1   H83       21.4240      -74.7270        0.0000 
   1   H84       23.7880      -76.5740        0.0000 
   1   H85       20.5000      -75.9090        0.0000 
   1   H86       22.8640      -77.7560        0.0000 
   1   H87       22.7110      -78.8440        0.0000 
   1   H88       19.9300      -79.9680        0.0000 
   1   H89       23.2730      -80.2340        0.0000 
   1   H90       20.4920      -81.3580        0.0000 
   1   H91       23.7160      -81.3920        0.0000 
   1   H92       19.1890      -83.2210        0.0000 
   1   H93       18.1050      -84.8990        0.0000 
   1   H94       20.2450      -85.8350        0.0000 
   1   H95       21.1560      -87.6130        0.0000 
   1   H96       23.0370      -86.2280        0.0000 
   1   H97       25.0320      -86.3280        0.0000 
   1   H98       24.7720      -84.0060        0.0000 
   1   H99       25.8570      -82.3290        0.0000 
   1   HA0       12.0360      -44.1050        0.0000 
   1   HA1       12.3480      -39.7520        0.0000 
   1   HA2       13.1750      -42.6360        0.0000 
   1   HA3       13.8780      -38.1280        0.0000 
   1   HA4       18.3210      -39.1650        0.0000 
   1   HA5       15.9570      -37.3180        0.0000 
   1   HA6       16.1100      -36.2310        0.0000 
   1   HA7       18.8910      -35.1070        0.0000 
   1   HA8       15.5480      -34.8400        0.0000 
   1   HA9       18.3290      -33.7160        0.0000 
   1   HB0       16.1180      -30.7820        0.0000 
   1   HB1       18.4820      -32.6290        0.0000 
   1   HB2       19.5000      -32.2170        0.0000 
   1   HB3       19.9180      -29.2460        0.0000 
   1   HB4       20.9860      -32.4260        0.0000 
   1   HB5       21.4030      -29.4550        0.0000 
   1   HB6       24.7850      -30.8910        0.0000 
   1   HB7       22.4220      -29.0440        0.0000 
   1   HB8       22.5740      -27.9560        0.0000 
   1   HB9       25.3560      -26.8330        0.0000 
   1   HC0       22.0120      -26.5660        0.0000 
   1   HC1       24.7940      -25.4420        0.0000 
   1   HC2       22.5830      -22.5080        0.0000 
   1   HC3       24.9470      -24.3550        0.0000 
   1   HC4       25.9650      -23.9430        0.0000 
   1   HC5       26.3820      -20.9720        0.0000 
   1   HC6       27.4500      -24.1520        0.0000 
   1   HC7       27.8680      -21.1810        0.0000 
   1   HC8       31.2500      -22.6170        0.0000 
   1   HC9       28.8860      -20.7700        0.0000 
   1   HD0       29.0390      -19.6820        0.0000 
   1   HD1       31.8200      -18.5580        0.0000 
   1   HD2       28.4770      -18.2920        0.0000 
   1   HD3       31.2580      -17.1680        0.0000 
   1   HD4       29.0470      -14.2330        0.0000 
   1   HD5       31.4110      -16.0800        0.0000 
   1   HD6       32.4290      -15.6690        0.0000 
   1   HD7       32.8470      -12.6980        0.0000 
   1   HD8       33.9150      -15.8780        0.0000 
   1   HD9       34.3320      -12.9070        0.0000 
   1   HE0       35.3500      -12.4960        0.0000 
   1   HE1       37.7140      -14.3430        0.0000 
   1   HE2       36.2740      -11.3140        0.0000 
   1   HE3       38.6380      -13.1610        0.0000 
   1   HE4       37.0550      -10.3510        0.0000 
   1   HE5       40.9030      -13.3570        0.0000 
   1   HE6       42.8980      -13.4570        0.0000 
   1   HE7       42.6380      -11.1360        0.0000 
   1   HE8       43.7230       -9.4580        0.0000 
   1   HE9       41.5820       -8.5220        0.0000 
   1   HF0       40.6720       -6.7440        0.0000 
   1   HF1       38.7910       -8.1290        0.0000 
   1   HF2       36.7960       -8.0290        0.0000 
   1   HF3       10.6040      -39.1100        0.0000 
   1   HF4       -2.6490        0.9640        0.0000 
   1   HF5       -4.0590       -0.4510        0.0000 
   1   HF6       -0.4890        2.7760        0.0000 
   1   HF7       -2.4200        3.2890        0.0000 
   1   HF8        2.1590        1.8120        0.0000 
   1   HF9        1.6390        3.7400        0.0000 

